0.969833260866374,0.977825454658565,0.977159242657497,0.978377772758693,0.977982573827614,0.977370076394465,0.975481117108826,0.973822365727603,0.974718227863488,0.974818446556695,0.000104138212563153,4.01757534760154e-05,4.51234703635518e-05,3.60454016678031e-05,5.162573465552e-05,4.50060773453218e-05,5.64594227372337e-05,5.11742137257766e-05,3.64592534062695e-05,3.5465812846812e-05,6.49914180188135e-05,3.21081550862736e-05,4.42112339287976e-05,3.89313709452345e-05,2.98743683470645e-05
0.0136666767823427,0.00573445581555404,0.00657096165047429,0.00509930106679729,0.00538247251906579,0.00596809701047344,0.00728554051663157,0.00958962516222532,0.00859885639190988,0.00828187673369532,0.000362521160143245,0.000229629383156512,0.000228042025021826,0.000241801646769089,0.000228904632787009,0.000255524954587746,0.000247551849960841,0.000227209771327762,0.000241813739253744,0.000240532365333354,0.000286193482322754,0.000235073634741951,0.000254741194954602,0.000246306680724672,0.00023238505516212
0.00259444701127106,0.00253891486840263,0.00244918217651765,0.00254959073388876,0.00258270947625514,0.0025822514882325,0.00255400097793304,0.00254449182107386,0.00254800432404963,0.00256933901384878,0.000842201636571658,0.000592499889566123,0.00058877116255268,0.000616066098469277,0.000591117909853901,0.000638772952108461,0.00062809773253996,0.000589514838918693,0.000615519634824604,0.000613355373607354,0.000684542713668055,0.000604152982729204,0.000637817281390489,0.000622629166691992,0.000602237974693078
0.00167219567551231,0.0016021813264367,0.00166190268399952,0.00168336480642535,0.00169961818458891,0.00170758820648843,0.00168534700904683,0.00167989126383684,0.00168839701287135,0.00170625916389913,0.00181465786554812,0.00130346563418277,0.0012950028180795,0.00134690108361353,0.00129942686065231,0.00130326708457673,0.00137954665567952,0.00129601206049243,0.00134587986727418,0.00133866743893758,0.00115947128405125,0.00134551334381641,0.00144243928104727,0.00135607041625643,0.0013256223858079
0.00125220524628373,0.00131085025303173,0.0012489325042668,0.00126054939652211,0.00127200221906876,0.00127626492400164,0.0012635003296246,0.00126004147526474,0.00126713032184236,0.00128031033302226,0.00409321268986453,0.00286137408013376,0.00283948752873349,0.00294564817633836,0.002849158732989,0.00285620738974149,0.0030805632187109,0.00284037080721354,0.00294269710077323,0.00293566231781202,0.00309017628586282,0.00290076653715457,0.00302719425310276,0.00290791458255143,0.0029087885431845
0.00100123825226771,0.000950284406915498,0.000981364229145,0.00100749507724395,0.00101607042338709,0.00102138554930963,0.00101080174380018,0.00100880438361219,0.00101397947153485,0.00102487598823674,0.0130890090004926,0.00723478691478934,0.00715987190346206,0.00740511067754758,0.0071802062039711,0.00720300808973271,0.0082124180066876,0.00714713839859085,0.00724697224099954,0.00723188369075014,0.00801895718705757,0.00715899938796126,0.00775738964634816,0.00734952308086834,0.00742848075565461
0.000834115740459064,0.000863923513582076,0.000838801497847553,0.000839201415948172,0.000845377233125569,0.000850955877117926,0.000842625958644389,0.000840898166534168,0.000845251898549916,0.000854615666209659,0.122497303897874,0.0483871108443256,0.0480187961338729,0.0512147261554466,0.0474131145641643,0.0482894749966904,0.0599932940580697,0.046853622840121,0.0490145277447765,0.0496343492910626,0.0535168395420985,0.0507173220616939,0.0511734928129791,0.0488436841008995,0.0536821262259397
0.000714816396324792,0.000729543085316172,0.000697204472164124,0.000718918964986647,0.000724634788810206,0.000729343725815053,0.000771187394960667,0.000720953567474377,0.000724747850007055,0.000733012766316156,0.41654302711246,0.312425607794984,0.311176864748935,0.31965467574621,0.308977595353318,0.311556770340649,0.338867508877209,0.307171770754421,0.313345228787004,0.315246013242011,0.32418639353619,0.31849602112919,0.317797629929877,0.3121511087349,0.327845330180559
0.000625376955955668,0.000605579956770401,0.000625324502489147,0.000629092651643311,0.000634837558963858,0.000638228715601835,0.000674119600434063,0.000630985983747076,0.00063437781340754,0.000641817448714282,0.293167063629308,0.401522611932736,0.401716722524265,0.39608404343428,0.403180175733003,0.401283813802836,0.382327013582811,0.404158038433118,0.400111505091371,0.398643773475166,0.394067370197917,0.396030955101483,0.397579259463446,0.400760422317447,0.391381222666102
0.000555831657971674,0.000564193106936637,0.000556660881891192,0.000558663836526892,0.000563718234535667,0.000567408547592023,0.000598219465137797,0.000561006072734099,0.000564094984999422,0.000570892962098378,0.0712475826332553,0.134621902293797,0.13557325887331,0.130466246718745,0.136845306876611,0.135342303542543,0.118472493785441,0.138000652542775,0.13429230644901,0.133205873629138,0.12797266796301,0.131359934874039,0.131557191312777,0.135139725280091,0.125381640359399
0.00050020628302981,0.000513611724101829,0.000490703428936322,0.000503470789716163,0.000506506809209881,0.000497935343024329,0.000538882756531637,0.000505019802799012,0.000507872300204936,0.000514157834473812,0.0177278840345391,0.0277683772196886,0.02808795608617,0.0271998538707996,0.0281932020106979,0.0280328647383453,0.0247925290721516,0.0284036896613796,0.0278473796657339,0.0277861042064423,0.0261576693631275,0.0277355047197163,0.026893508032739,0.027886790417365,0.0264251705462082
0.000454701344308519,0.00044788183990057,0.000452359154272106,0.000456295958165113,0.0004614024070643,0.00045778501245411,0.000490907913209839,0.000459212140524267,0.000461874758111777,0.000467742211406289,0.00912369797888027,0.0111261442182481,0.0112136514921281,0.0110485684524543,0.0111914406546399,0.0111900781353122,0.0105453619039563,0.0112233928175178,0.011168395888793,0.011198463435126,0.0105967062494159,0.0112990661432305,0.0107739135785001,0.0110940090425469,0.0110036289077288
0.000416784953081972,0.000411169252570289,0.000419380593116045,0.000420371887141087,0.000422646049751048,0.00042209906080292,0.000450575179243368,0.000421039257369081,0.000423545867329873,0.000429066238605404,0.00619467351650717,0.00706188866508387,0.00709898763480103,0.00702582800813082,0.00708559537876251,0.00708597349534349,0.0067798044050092,0.00709768584893843,0.00708295689005493,0.00710046395663488,0.00678790345749611,0.00707535863017196,0.00687193055054052,0.00703102264762413,0.00694562293315709
0.000384704839863941,0.00039229733735157,0.000381561388439625,0.000385847243942346,0.000390222805240257,0.000388291720036503,0.000415985629635596,0.000388739744318653,0.000391115831028075,0.000396343871658136,0.00463896040899079,0.00512418591064725,0.00514464396759725,0.00510186110962467,0.00513686174145133,0.0051366046959089,0.00497611037879496,0.00514349702740283,0.00506926986218981,0.00508734891423908,0.00495806351842209,0.00514038270268733,0.0050082969863227,0.00504081499209528,0.00507043009360104
0.000357209704385762,0.000364052530209536,0.000351619290460947,0.000359861083935249,0.000362329494879302,0.000358759356387072,0.000386172406646026,0.000361055274598483,0.000363320548655624,0.000368299360505555,0.00368733645804823,0.00398989800749608,0.00400280181844801,0.00397516334209923,0.00399759977729718,0.003997364492434,0.00390092452882658,0.00400165100893508,0.00395791904876525,0.00396943490646444,0.00369032623910377,0.00400266436893818,0.00391260879564814,0.00393989243996189,0.00396030493244275
0.000333382114547504,0.000330681764004659,0.000332226480293309,0.00033456908390674,0.000335696715088044,0.000333561325237836,0.000360397988756357,0.000337062971531975,0.000339233033337936,0.000343997147800691,0.00305599598984445,0.0032578370691135,0.00326678614185861,0.00324753327677107,0.00326296605245779,0.0032628641614379,0.00323333273860862,0.00326563102160971,0.00323732842048254,0.00324531843315725,0.00305969349928367,0.00326799699652286,0.00317581837351301,0.00322482018192127,0.00324030118750396
0.000312534111306698,0.000307853427293745,0.000314269726815326,0.000314352943551441,0.000312195096384848,0.000312278664398729,0.000337940961704255,0.000316070615915662,0.00031815805538383,0.000322735558145042,0.00261128854039449,0.00275276528029591,0.00275962945149645,0.00272981659130472,0.00275665596848863,0.0027566866253871,0.00273901695247863,0.00275853565408763,0.0027390115613205,0.00274491242093987,0.00261338000956658,0.00276139030900095,0.00269341580529703,0.00272972900408861,0.00274229667389919
0.000294139681484281,0.000295631492518766,0.000293654647580383,0.00029589666740074,0.000294460739004448,0.000294435046782344,0.00031813727906867,0.000297548827844445,0.000299563973908922,0.000303978009697198,0.00228317867453852,0.00238625043188943,0.0023926240652638,0.00237068437499894,0.00239023894545886,0.00239037995653771,0.00237928605242049,0.00239165981839757,0.00237755155134221,0.00238212127056903,0.00228426213855529,0.00239467986461556,0.00234209358594012,0.00237029890443235,0.00238101504757321
0.000277789751522626,0.000283473591029888,0.000274298343788545,0.000278710968232141,0.000278991104690812,0.00027914939359327,0.000300453739567981,0.000281085845467762,0.000283037293167043,0.000287307155520904,0.00203366201130267,0.00210722926726958,0.00211690383205281,0.00210023601766346,0.00211497343445551,0.00211519687405347,0.00210810092697312,0.00211611795495117,0.00210555795964532,0.0021092308307748,0.00203355334730444,0.0021191693590358,0.00207692397773972,0.00209965727731224,0.00210912848045978
0.000263161400810728,0.000266408792423015,0.000259875957386425,0.000265470305276611,0.000264677991892785,0.000265415505485519,0.000284510579588928,0.000266356581001408,0.000268251570434836,0.000272393506662368,0.00183872114558065,0.00188884010187577,0.00190357953954469,0.00189061142693975,0.00190201589999168,0.00190229243929964,0.00189775264408344,0.00190298446456317,0.00189486035547725,0.00189790176116626,0.00183750786763004,0.00190600933957841,0.00187102400586722,0.00188990131302533,0.00189849746593358
0.000249996315116361,0.00024847910891764,0.000249297532318488,0.000250691201270808,0.000251352228686376,0.000252588819672305,0.000270056780173976,0.000253100955747331,0.000254945652014228,0.000258973468219459,0.00168304102840632,0.00172304101736911,0.0017345943893496,0.00172429770065118,0.00173331538271909,0.00173361852771703,0.00173081852544061,0.00173416167760145,0.00172777399853518,0.00173035471048656,0.0016808830172414,0.00173713606808775,0.00170743106238841,0.00172349488409364,0.0017314537543791
0.000238085398499351,0.00023509781565746,0.000239212007210404,0.000239490020958559,0.000239029445517187,0.00024049209371438,0.000256926143874135,0.000241108424851791,0.000242908127834106,0.000246833650773629,0.00155644075869464,0.00158892226215517,0.00159812845831539,0.00158979058758256,0.0015970512535493,0.00159736065644219,0.00159579336639636,0.00159780421621481,0.0015926937581608,0.00159492842731099,0.00155350104389525,0.00160072038971074,0.00157496879995571,0.00158892031967027,0.00159640152421692
0.000227257583792953,0.000226853362435932,0.000227872930604635,0.000228378857784251,0.00022775189399926,0.00022919038564657,0.000244996430445693,0.00023020672104662,0.000231966025877386,0.000235799460439683,0.0014519135695204,0.00147868368930163,0.00148613612451416,0.0014792517619753,0.00148518805822978,0.00148549036628534,0.00148482316387455,0.00148586469180265,0.00148171915782032,0.00148368753056399,0.0014483363600219,0.0014887229844734,0.00146600361308883,0.00147833114609661,0.00148544578473087
0.000217371562685763,0.000220242475084472,0.000216094289666722,0.000216977626984196,0.000217573254001164,0.000218756813367084,0.000234161521095942,0.000220253534264423,0.000221976455950612,0.000225726665368053,0.00136449351221937,0.00138684255818592,0.001392962831978,0.00138717355041752,0.00139209006808366,0.00139237777264254,0.00139238329016875,0.00139270196748527,0.00138930265309556,0.00139106188369968,0.00136039955086633,0.00139550675975073,0.00137516075585993,0.00138621453435378,0.00139304232645667
0.000208309584446496,0.000211961914059983,0.000205651346226829,0.000208422761262258,0.000208494682547392,0.000209194481792416,0.000224317420853351,0.000211130270951316,0.000212820342554096,0.000216495070583821,0.00129057124964257,0.00131058102318595,0.00131453076082021,0.00130958262738745,0.00131369832686991,0.00131396792128736,0.00131448593979837,0.00131425453155056,0.0013114444450077,0.00131303656100659,0.00128605924019337,0.00131701216961178,0.00129855615312734,0.00130859378480291,0.00131519342608239
0.000199972742972178,0.000201655791150813,0.000197468997107613,0.000200753318595772,0.000200398260095179,0.00020047136967154,0.00021535855456859,0.000202737311503829,0.000204397661936289,0.000208003710818779,0.00122746549004715,0.00124500860244588,0.00124783478092883,0.00124354649569095,0.00124702181294661,0.00124727216172605,0.00124818712455294,0.00124752986893002,0.00124519392875368,0.0012466505289397,0.001222615301602,0.00125024756079247,0.00123331898731764,0.00124253412549902,0.00124894979031255
0.000192277352013961,0.000191366023427825,0.000191074898307645,0.00019310595048818,0.00019305486885387,0.000192562873275153,0.000207179848463182,0.000194990361033145,0.000196623778281365,0.0002001671526562,0.00117314586830545,0.00118846560770366,0.00119061735090985,0.00118685730721039,0.00118981193494497,0.00119004314947898,0.00119127008103123,0.0011902782227401,0.00118833054624226,0.00118967585375208,0.00116802183703864,0.00119296344396688,0.00117728510969131,0.00118582634474079,0.00119209169713686
0.000185152125986428,0.000183232871496158,0.000185243331955551,0.000185595377843715,0.000186206279346976,0.00018544875781188,0.000199680879646888,0.000187817611894232,0.000189426594100297,0.000192912618407717,0.00112604870932716,0.00113944743852896,0.00114115278984327,0.00113782336452811,0.00114034815874392,0.00114056093058747,0.0011420362050573,0.00114077797094044,0.00113915347421299,0.00114040637820395,0.00112070284827495,0.00114343814318888,0.00112879452036631,0.00113677724338418,0.00114291885760622
0.000178535965160884,0.000177750793928701,0.000178976217424641,0.000178579135882413,0.000179661457666397,0.00017907777727161,0.000192769688985246,0.000181157514116958,0.000182744311270733,0.000186177726296433,0.00108495151103293,0.00109671204434968,0.00109810103316258,0.00109512810103083,0.00109729320218582,0.00109748845322846,0.00109916353310777,0.00109769075968741,0.00109633946060779,0.00109751491439014,0.00107942580155953,0.00110033307271401,0.00108655404646939,0.00109406963834067,0.00110010835948831
0.000172376199150739,0.000173686841907972,0.000172087061475523,0.000172268981247934,0.000173348544249701,0.000173339041536555,0.000186365103746572,0.000174957006185128,0.000176523655225264,0.000179908698136413,0.00104888555474201,0.00105925346171048,0.00106040657746351,0.00105773253145666,0.00105959300717765,0.00105977172863339,0.00106160880808895,0.00105996147593264,0.00105884453260505,0.00105995453441292,0.0010432140226277,0.00106259278322618,0.00104954230178378,0.00105666395783107,0.00106261644352276
0.000166627181924511,0.00016926476767458,0.000165157910297299,0.000166642205372948,0.000167303522636966,0.00016806577899343,0.000180397306812003,0.000169170101003241,0.000170718454467821,0.000174058925505474,0.00101707386994295,0.00102625706776646,0.00102722735080782,0.0010248064066828,0.001026406243512,0.0010265694387982,0.00102853835052875,0.00102674776897116,0.00102583466034367,0.0010268889535963,0.00101128418325914,0.00102937451618181,0.00101694248006252,0.00102372951601716,0.00102960921107567
0.000161249159047821,0.000163500503033628,0.000159057984687092,0.000161523667307359,0.00016161538634575,0.000163070720727624,0.000174806939821669,0.000163756744294447,0.000165288494858869,0.000168587813410365,0.000988891843753888,0.000997059540526288,0.000997883760218569,0.00099567874469415,0.000997053718631021,0.000997202397806358,0.00099927838361997,0.000997369483015539,0.000996635953057325,0.000997642536274629,0.000983001153374699,0.000999997645830495,0.000988094014004758,0.000994595000741163,0.00100041284897813
0.000156207348134613,0.000156777464877261,0.000154365732775598,0.000156710622853866,0.000156363523116183,0.000158194425262327,0.000169543272665966,0.000158681888187502,0.000160198588824928,0.000163459840741677,0.000963827725160986,0.000971116812074485,0.000971821581658754,0.000969801701333756,0.000970981470244688,0.000971116666571564,0.00097327875622091,0.000971271776087196,0.000970698298909362,0.00097166380202726,0.000957844849124446,0.000973906794435445,0.000962457231163361,0.000968712314915424,0.000974477288279007
0.000151471191741713,0.000150425395663674,0.000150970294537863,0.000152062648728879,0.000151576068074176,0.000153345347763392,0.000164562022252681,0.000153914732079875,0.000155417813767105,0.000158643791575316,0.000941433214225214,0.000947979186431251,0.000948584519413351,0.000946723791551276,0.000947733432213565,0.000947856224689607,0.000950086058780376,0.00094799781702043,0.00094756842311901,0.000948498390435745,0.000935385542768944,0.00095064452117481,0.000939587133610558,0.000945629777155887,0.000951349275456284
0.00014983638010754,0.000145694537265423,0.000147970797595249,0.000147533275145659,0.000147220016032503,0.000148518748109259,0.000159823317519089,0.000149428098705799,0.000150918884882462,0.000154112122118664,0.00092135849984029,0.000927272152611892,0.000927793628216662,0.000926069772606127,0.000926930909686768,0.000927042442630409,0.000929323432374938,0.000927168294401195,0.000926869654534213,0.000927768759429582,0.000915265233778323,0.00092983082186201,0.000919113682437312,0.000924971990279558,0.000930652146886033
0.000144109889264774,0.000142801584257543,0.000143847573894822,0.000143154341308409,0.00014321740968935,0.000143792752307204,0.000155290171651613,0.00014519791586584,0.000146677635456803,0.000149840436138431,0.000903308401011656,0.000908681558666141,0.000909131686044393,0.000907525343320828,0.000908256969517525,0.000908358464047515,0.000910675218662423,0.000908465840750803,0.000908286540250297,0.000909158750824641,0.000897183426054244,0.000911147550436994,0.000900726791521214,0.000906424530507563,0.000912070449657042
0.00013913779377637,0.000140636281149736,0.000136797448966433,0.000138996259716222,0.000139473556922985,0.000139307824336115,0.000150927666453846,0.000141202785752688,0.000142672583850648,0.000145807047877214,0.000887032649639118,0.000891942092343218,0.000892331189164317,0.000890825374572189,0.0008914444313523,0.000891537186324403,0.000893875159472233,0.00089162305065297,0.000891553013460969,0.000892401721404659,0.000880886146929534,0.000894326443676694,0.000884164775611156,0.000889722170158141,0.00089533811256172
0.000134769280410421,0.00013739774593022,0.000134300861508395,0.000135125406615956,0.000135903436026961,0.000135238619744994,0.000146702907926389,0.000137423623356687,0.000138884570619988,0.000141992615791904,0.000872317927978992,0.00087682826918989,0.00087716503407121,0.00087574475932492,0.000876266531171022,0.000876351913326076,0.000878697232322382,0.000876413158396302,0.000876443197029347,0.000877271319090871,0.00086615738469589,0.000879139817857639,0.000869205364365931,0.000874639722593086,0.000880229252495898
0.000130884476714687,0.000132061332223501,0.000131719687177676,0.000131572541427488,0.000132447835142892,0.000131765625936782,0.000142585686673333,0.000133843352225184,0.000135296453015724,0.000138379834158551,0.000858981450232204,0.000863147330281634,0.000863439217330452,0.000862091230410168,0.000862529595372502,0.000862609019558566,0.000864948466110886,0.00086264270674255,0.000862764186169759,0.000863574244771773,0.00085281234681305,0.00086539327037622,0.000855658644545169,0.000860984855383737,0.000866550958048914
0.000127388287995331,0.000126300646517953,0.000128544327983587,0.000128318723197432,0.000129077370470957,0.000129050550468133,0.000138549696650593,0.000130446646976412,0.000131892846415436,0.000134953172082691,0.000846865800462655,0.000850733602934979,0.000850987067392716,0.000849699670605531,0.000850067245596638,0.000850142147431012,0.000852463259708655,0.000850145724026861,0.000850350331715487,0.000851144519801863,0.000840692104754392,0.00085291990143119,0.000843361464996817,0.000848592397982864,0.00085413757404472
0.000124205411952352,0.000126370000424579,0.000124762500897208,0.000125299436064027,0.000125787281957119,0.000127216325290954,0.000134574100728059,0.000127219714481583,0.000128659904572455,0.000131698651688502,0.00083583476910721,0.000839443989483789,0.000839664650439191,0.000838427567093765,0.00083873578154382,0.000838807585917137,0.000841098851530827,0.000838779058562809,0.00083905867387172,0.000839838907397572,0.000829659305024064,0.000841575699821109,0.000832172965673211,0.000837319793704479,0.000842846135227358
