1.01600031833051,0.666956573695431,1.1210521490341,1.10616234231924,0.686654156470084,0.54513881876398,0.962016749964227,0.953414601764124,0.784347870809509,0.916337413513486,0.601945292354372,0.598380187387478,1.03343326269104,0.627762875975449,0.199804628891326,1.62282694622743,0.651194708382578,0.352195211181721,0.435299310772706,2.6086577929925,0.0223708929937764,0.158773942631508,1.16988472858708,1.81664878850638
0.818229860765189,1.15653592714168,1.31720288435851,1.00121516825006,0.7422295538219,0.714180039066787,1.4863607054286,2.05084834338369,1.28832064290371,0.500864007032109,0.319116790284877,0.5983662697643,1.18679101508816,0.132267452304354,0.424772177340387,1.51047326376476,0.349157252873745,0.111404787203095,1.12024471644857,0.324428958186455,0.452719362855665,3.67078796997124,0.873613751315383,0.232975677779489
0.808367806615733,0.77492706528963,1.06281194311905,1.35474056655089,1.39179406703694,0.865338890110797,1.06740043540921,1.02307590300456,0.495029171248294,0.799773562449485,0.589081198140965,1.80981637358291,3.02711745361444,0.102471271506936,0.931914148268627,1.74334349793634,0.437966240119761,2.22950971012746,0.357217804339035,0.807960261113459,1.3008700722794,0.55614173846084,2.45462881170746,0.754976183442538
0.758506232915732,0.959756067585682,1.0955719962813,0.805594756139102,0.581060748497239,1.18633738130523,0.960525433761385,0.313302846141856,0.351582232047663,0.652211269505037,1.12942389533207,0.408709445446064,3.03132047353028,0.215701055745328,1.99531723142071,1.63178446874038,2.59698780001618,0.0928690433036841,1.42103187925735,0.659638764623627,0.285508389956329,0.302672893647505,0.334801558097259,1.36475967753868
1.11268308639539,0.884842783199107,1.00500007374358,0.95483227328238,0.740271557986186,0.741018549058136,1.97223580683569,1.71562441560851,0.427595756106721,0.573903660809333,0.631396861037763,1.12389352857992,0.921767057498588,0.344490741983227,0.386628383933411,2.49517556405804,0.650483399800635,1.01321929221356,3.40685312050802,0.900176771598569,0.188101397221629,1.68112450726851,0.264013479946064,1.95981502387429
0.840224202467511,0.947441024249784,1.30723928769957,0.984012826885786,0.880491373579251,1.28230360626372,1.02580896968673,0.813060654798991,0.73299457029679,1.63776695778241,0.644674103921278,0.559457587605635,0.981702542235456,0.792461290032723,0.441620288316964,1.03577077854621,0.913987720528536,0.816807804316671,0.217891014524213,1.08867463472878,0.40961502364803,1.06807689472935,0.783868324768766,0.313732958755551
0.974884478929879,0.777544862478081,0.833745057849904,1.16090479311168,1.1735476633739,0.476121852156854,0.345578061165247,1.07048516565394,1.31735092014655,0.132180283023834,0.550526549967606,1.03770678385519,0.672242817262458,0.507159947597303,1.13236589324706,1.23134734683609,0.539026297047563,2.21205038514059,1.29938745757132,1.35151780425703,0.624365229815619,0.633988531338645,0.655170220368451,0.82369890394003
0.92100279567175,0.713059318368882,0.96470121723988,1.14632285384199,0.765297651095714,0.826762271516567,1.66621432502901,0.48865628797533,0.442342062758196,0.730622332123158,0.451555414631463,0.836049373526534,0.44486679889016,0.216604805135499,0.152822757020611,0.612743258093991,0.63288020216228,0.317241380664594,1.14161994136237,0.216696168860783,0.871797924960291,0.147470638007318,0.938580778365548,0.278462596321105
0.966086273488313,0.886432398991037,0.990074504121584,0.849626035533396,1.26020272916917,1.09033803842848,0.828306040888089,0.697213643302847,1.0926554328191,0.138070117677924,0.720854113124959,1.09262479161201,0.579955720724655,1.28609466929663,0.653951198788843,0.636131446238894,1.69187828322831,0.658418310565155,0.870619933570109,1.14240868894706,0.288345075161761,0.4496919068816,2.16169554207453,0.335533832339444
0.842174408029731,1.28397615150938,1.14250943813288,0.641763740878055,0.515097724543463,1.48955050417601,1.07012461070829,1.5061138533889,0.751704761342962,1.71882626579892,0.743020543462592,0.763582972310394,0.688731643338321,0.843254050302466,1.09788333434306,1.44347606598177,1.35908787646966,1.23460831385212,1.25931719106719,0.290150266858708,0.357565949434283,1.75429223235552,1.5777686124938,0.291968632688346
0.793718695937984,0.975628030714285,1.13002586667451,0.840739058136844,0.844867244471237,1.00526640182922,0.51789953984972,0.898243761264036,1.89079271026768,0.217479718445829,0.889312234360127,0.078870606475144,0.420535420650131,2.54387922522009,1.16324072801779,0.655571164952352,0.835256074255448,0.191424703024962,0.200476479346104,0.403304373053851,0.585433765961504,0.929011105866615,0.203719604096325,0.434839184023284
0.922155410217644,0.736129370050067,0.87260425640836,0.761254262036731,1.08646293717394,1.0113315530149,0.71835354243023,0.959892775819779,0.937617936980691,1.22621044328529,0.729931109375866,1.39665851115686,1.30725383088171,0.842878902781286,1.81521670752535,1.51914267748959,0.175960091755878,5.32805976406562,1.54251143979459,1.76244586305261,1.83496653600845,4.21139365759386,1.15533515025285,0.463378287119865
1.19950887215119,1.21179474301909,0.68720667342941,0.715947672927459,1.44615971335941,0.943950453492022,1.47383047608289,0.654928853128879,0.929343840057526,1.32095322990155,0.27353472220735,3.06576509729058,0.20012878791253,0.677115983454809,0.896780100190164,0.597752904844218,1.67398378740851,3.45866714074569,1.46349137025749,2.92541990775078,0.509949751307662,1.65642198123304,1.94430016631097,2.77134481073141
0.986190912599137,0.94540097297944,0.864777044880962,0.767035045350924,1.00891798449904,1.48521917800165,0.908668277948972,1.05497357220836,1.94377673886957,1.620578320261,0.0144612636967775,0.588661186704958,0.993091832742281,0.713755605403687,1.5189656948142,2.0808988076373,1.13072603446436,0.116417474328921,1.38597935364048,1.01865736985371,0.797733748146518,0.0510554076137187,1.28757543069394,0.471331953419088
0.811155936161653,1.18760352523773,0.79440465806016,1.48497829269958,1.01445901607835,0.443399134023066,0.966605350785296,1.78001594247155,1.16079960765351,1.55163362062263,1.95306964921678,0.374063652626134,0.32327842763807,0.506815015829016,2.07818763639595,1.69495136594574,2.27358652088338,0.497957291053223,0.910855842160251,5.48692713591599,0.175376100285008,0.0858594927829925,0.180463937159589,0.514548238926454
1.15054075085126,1.02833948117271,0.753973489322325,0.74972150456555,0.952785634017642,0.928502076051311,0.67800091893351,1.49054409861047,0.854047689910024,0.928041802866622,0.953341765355722,1.21384241909234,1.77907222609587,0.169724859533337,2.10362281842803,1.34132195830435,0.324521034623253,1.79559192032887,1.12366171363554,0.381819357936918,0.375856587253649,1.3306904203013,0.797847948565666,0.680334114652102
0.964626616330392,0.950201144464244,0.799545992500547,0.659942593820916,1.44228827574919,1.52039603131987,1.05563493862584,0.473388504017408,0.651699835694074,1.59784005296893,0.706732758337711,2.05053686332159,1.14315422349046,2.09288919426085,1.08895892150077,0.419082610994671,0.406877415581605,1.05461423364967,2.32935019029585,1.26569447634554,1.88878181457641,0.937093758659385,0.146275871276348,0.346466266448711
1.13400839868063,0.904769815352309,1.41679717188575,1.18714587159559,0.483579812387572,0.670460353345486,1.72515629985755,0.733732779203494,1.93322980791939,0.997871123687056,1.04249939351856,1.05549522672403,0.481834503332388,0.245544130767729,1.04632289107076,1.26146647107085,1.14982713894187,3.05159882169666,0.231906068944487,0.796949407079076,0.633767634442132,0.617626964395981,1.03454497404204,1.29288015341151
1.02348419024449,1.04581334426926,0.784136103962435,0.442648185236798,0.938608930608234,1.0091169763493,1.45949348936003,1.07492599384978,0.800294739636407,1.12046743468894,1.61368605943147,0.647754851378503,0.112692909690995,1.06383087908003,1.62388944196274,0.234122745800599,0.422053005702311,0.174627401807713,1.32589249743384,1.05238415505374,0.699688496924265,0.961263921870399,0.154682729486852,0.214338970967099
0.968060145296415,0.935888554927705,0.703637416788923,1.46466958447139,1.47371304523742,0.711640741359955,0.503062426510317,0.462557100539957,1.86722891076462,0.883606186286416,0.756630116558811,0.380043677787382,2.04409215915778,0.10074530229515,1.39891342616067,0.0138377267802015,1.84167621568646,0.877783347995058,0.00450681794847948,0.690650439249834,2.07970590956531,0.0657109658561512,0.830526618774884,1.39706481705242
0.935421761153933,0.683679514547391,1.16494016178607,1.2383925889053,0.699369268278873,0.682478582446127,0.753104896280443,0.328014965566491,0.561381575542329,1.53127051718319,0.780105501252679,2.69571131951438,0.72299951779977,1.26901858976131,0.703162433618448,0.0616234378810921,1.60446508527618,0.088427529272026,0.531678975276292,0.303018998779281,1.39133503639899,2.34707985721636,0.0648943776650545,0.231923420270381
1.03576361039231,0.447320193283794,0.503583954466093,1.53764369462114,1.01243604225476,0.719683833665185,1.07427116711372,0.681937378489722,0.487745148626087,1.59229104554925,1.14285736735046,0.475597106158483,1.07207953735882,0.944597138490437,0.847003862011362,0.545302109148741,2.87434735501524,1.33814405676582,2.76427544896035,3.00296439774372,0.576377683285162,0.471478906158316,0.888689138889413,0.0356130714533477
0.957812167446514,0.779550496911555,1.39976674827779,1.25808994409703,0.737900561419183,0.97076700756055,0.492520218463282,1.25233902885928,1.29874220159232,0.381839748402336,1.54383996229413,0.332112709128221,1.34531750027041,1.25407310287544,0.578845228669875,0.10594175872978,0.257152221747026,0.709881746074543,1.54948756637638,0.846082158507757,0.929180335942003,2.39507181781572,0.585315697239051,0.776595837157063
0.771337394198079,1.22452958539456,1.20862316337595,0.979063242065873,0.710630332536875,0.836956240662663,0.360226259959257,0.416772818643299,0.703014589040818,1.56015010021012,1.98752510921254,2.08438402626526,2.12677294954534,1.56952393828766,2.05700499957104,2.19833775209347,1.52663045308718,0.457186961531729,1.19418433554407,0.332883813996426,0.290055358435847,1.28527719590013,0.804397350971426,0.29118315476123
0.582331677047935,0.88887105482422,1.46087415278301,1.40295949516833,0.745408656939464,1.29149687809907,0.703790001732435,1.3272212094673,0.866399988077842,1.22734851477925,0.903645198554309,0.957614019460463,0.176806089621072,0.0983211414554795,0.811841145600849,0.266960977079987,1.01539546545594,0.9392541549969,0.533287653203516,0.269066000557034,1.33810271949273,1.78703007577871,3.89563220077653,0.220596808788699
0.84366763951341,0.930991735858515,1.22537178979504,0.468358030121738,0.977361380277478,1.11195267520799,1.23935420501784,1.15153614158604,0.819197296264354,1.97180937260805,1.3582394044786,1.25839723713377,2.03807562310153,0.905800238346875,0.623675897846684,1.49778940799648,0.190969164835632,0.388233558856339,0.658943451519134,0.415234720079464,2.11208764007527,3.93962946800665,2.72513569281701,2.35395366003232
1.15921882310628,0.68398739056049,0.985775616088155,0.863949603397723,0.854290993757979,1.1304247383594,0.447797480943046,1.47199113829089,1.3608791852523,1.76610618482103,0.57283894867152,0.278243371342854,1.25282971962288,0.379130061146201,0.347124419594791,1.4854261003451,0.645780477255661,0.583100389006272,1.15919537268139,1.66705905035767,0.125835930620338,1.65740577692381,4.27828834936566,0.929543859244319
0.923922843815189,1.1672199709806,1.34789853170994,0.715746604155872,1.26848458459963,0.835607958701108,1.30872751049289,0.153855774568886,0.760305169566552,0.289354760910959,0.465813361398414,0.704182132149556,0.833799565229261,0.507561165744669,0.699910859632391,0.269661699454811,0.748858192180105,0.729083476037906,0.282835787440627,0.115390575275406,0.880502928205393,0.05093441667325,0.199660410310795,0.316817837938933
0.954298832123855,1.13934812859116,0.52773540891981,1.09077055309811,1.10610765233856,1.19845128993471,1.14568992320899,1.32105999976841,0.566401473072943,1.33151757093885,1.63682503032288,1.7852059568657,0.706974440822839,0.297268207398178,0.554513612210384,0.893978778236686,0.637855811479057,0.515389430578609,0.556347747113034,1.71733891505236,0.680910047656566,0.440386794668127,0.497000209226128,1.23908684740975
0.771572984246203,0.800415105760562,0.885203391451522,1.10228378763684,1.1228786661455,0.694170059796441,1.44240174692236,1.99731891412287,0.650296861833667,0.450013146136068,0.942997652554839,1.45471807140586,1.79009867437538,0.374333937167666,0.957276534798662,1.39760095431665,0.202039753757046,0.202507916084395,0.635247113539448,0.258233534915937,1.28920250119988,0.190412150197147,2.38054059301911,0.360249957657483
1.12002888128128,1.08253651051525,0.753793501451493,0.72074158648014,0.853045001303445,0.800429008798529,0.183118958694141,0.353201468479018,0.942484909295338,0.84687168650926,0.036959856340288,0.547664238945243,1.63411755060158,1.15781651874538,0.0320249190979482,0.909703378488883,0.236965137648266,0.0457055828486012,0.226849401149143,1.5466465163924,1.30646295081366,2.33429381061517,0.637533145767814,0.792162477897604
1.10083851968248,1.1173716639379,1.08233828868201,1.19692069403604,1.18450734314649,1.08537382736282,1.30302579729073,1.47788634151182,0.522915233482786,0.913028694557251,1.09383415536054,1.42949866433626,0.924809445837284,1.65862908775033,0.983784679239139,1.52164378512654,1.34900510264317,0.725761088533532,0.823907894210104,1.00332678213234,1.49259943026606,0.537370638187246,0.0214013752545523,0.23784293454034
0.859154841387949,0.743814301216814,1.09223879709788,1.40978893752812,0.72157246536623,0.792547860083024,1.92350067685219,1.03210897140745,0.817433293830735,0.531939799281907,1.06188760780348,3.92324299964393,0.406665371995575,1.27350843914088,1.74995280084573,0.208148826765729,1.07359542981045,1.05554121365292,0.999932093527466,0.747553741414314,0.0801134772824323,2.68040389902062,3.17390729963786,0.60595857146294
1.06144142743594,0.860249925806206,0.758263296138061,0.608909235414875,0.820489241953255,1.96954643624255,0.385208485991239,0.642730333005255,1.26697494888155,0.649551175840056,0.830997496798743,2.05566854746595,2.35102980114315,0.503835448349173,0.365197441604254,1.44754520409018,0.935534546235857,0.22012883383724,1.10638697441869,1.3889515443261,1.50308270257526,0.629847461866332,0.177765622314383,0.369952919348215
1.08564419662899,0.677109790667611,1.17328460012866,0.706256143161849,1.08194797285238,0.937504547764649,1.44783356968941,0.581083562749111,1.4882665514342,1.92605951860489,1.73460291473034,0.0496596907778405,1.07697155391361,1.23091680288078,0.999092668262879,0.94001409319582,2.1142817262656,1.85309138264168,0.183164223749873,1.18805526677901,1.4140174095079,1.3205508898627,4.13330547783857,0.711930887978171
0.816938737757584,1.02266298416386,1.35364784132367,0.805790097474772,0.813183391058599,0.9765605663407,1.03425948696228,0.713167070659035,1.53868050162545,1.14539846872105,1.47349876330807,0.828214533536502,0.838986166782357,2.44528654607711,0.798300194241064,3.35411950085828,0.92006645911324,0.522039397270607,1.17761532283754,2.74241628066679,1.59837235872861,0.158786588761545,0.130480497593771,0.164190468366025
0.903116739001091,1.35787062600269,0.657388204992653,1.03434308889747,1.87194841154873,0.607822651239032,0.666335499279571,0.954725837726759,1.20874896379275,0.505986046411988,1.28950425929161,2.29502766935865,0.483834409486473,1.44558049384715,1.01516187497343,0.799081753593391,2.71097992345706,1.37826399076396,0.329432571214571,1.35379688876541,0.574490780162538,0.790706480330751,0.509277486575991,0.0935230254464616
0.76630472298174,1.13291562198433,0.745292273609874,1.41014649135062,0.946872074048935,1.60374668415578,0.607202130596151,1.04353308029394,0.800866999677915,1.37282237470077,1.91427722968575,0.603028034215627,0.594022296014512,0.387410961414709,3.27454872411504,1.40215428046695,0.401896772913387,0.338736461449928,1.9549220594796,0.0546862629064619,0.75832100599807,0.881961105936624,0.995803402455462,0.808274759910102
1.01948641058189,1.20030753965519,0.833917897273448,0.954623548105643,0.982665395312788,0.695868088311055,0.7335455847954,0.718425204442348,0.715602555072656,0.647089761392668,0.685696825276438,0.312426424303707,1.69742578780802,0.413221052208239,0.524078957928799,1.30494944362272,0.915343207284982,0.633707107049827,0.916353848682125,1.12604979213647,3.99995377548617,1.19239471312633,2.55548481047612,0.187024830257087
1.24911388593934,1.17671124250482,1.03367830340254,0.749803089645001,0.640449192089108,1.38955183553346,0.961756210469322,0.526155186827588,0.523056828014123,0.627079191807975,0.844453605167028,1.60031227586745,1.28681654954941,1.43572746318565,0.875577153305204,0.635363385318336,1.7631218584416,0.239137461882123,0.208331843538344,0.226602690010159,0.228686593008723,0.435142839532359,0.845252766747184,0.409183830409633
1.09639698240409,0.955552856535933,1.35394878180538,1.78847202111231,1.5480226998771,0.512141768104168,1.0449421460237,0.95430192838963,0.429281150852184,0.666655991146302,0.549908316246759,0.462253958740578,0.128529381798379,1.03694206492831,2.27288674934564,1.63057717274974,0.169205958851894,0.0889680835644904,2.25410423002202,0.722661164515163,0.115704420140835,0.71541253810193,1.25198698543684,0.0686943092515274
1.14269818042902,1.86312119947955,0.964519470894006,0.764968118945832,0.72316063229898,0.795646064752729,0.738549039789727,1.35689624661655,0.618076121560746,1.20015422659661,0.555986887454145,1.17136694860246,0.0404484882815022,0.336730474052563,0.740328787467573,0.497769700218459,2.59276703797999,0.256594053777828,0.678842190304239,0.860501783665336,0.504805252018605,0.281507761952153,0.608649675312899,1.19068068835336
1.12654390955448,1.5928752438368,0.784208800219339,0.983274943047893,1.35662162948756,1.01520184263211,0.554232878835932,1.41424364109848,1.19333312817644,1.20883692969454,0.554186975029433,1.69824976458175,0.502778435798176,1.3723797690651,2.00719719855413,0.921244309231793,0.661039947904147,2.51238478597254,1.01840556528695,0.318149768761986,0.575912634597673,0.583376672218572,0.143456857826566,0.873118343061956
0.971884124429975,1.03105577445595,1.66922795448916,0.947292156266417,0.549605161368416,0.418068563097798,0.961358321216244,1.06957599657296,1.59767358402627,0.395946751608647,1.37578887134301,1.35391380745978,1.5213875220364,2.73150609976504,0.89335470581611,2.56192254475104,1.66608588205418,0.670092016381409,0.94952497397009,1.78273350422269,1.31293191538654,0.290223233447834,0.460315413140009,0.162402665809703
1.57675694172702,0.870887489849221,0.797708140176891,1.03706433509254,0.816055989704427,0.738982685711862,1.33617431298376,0.964080320361718,0.349781779367151,0.607305945909834,1.27948232510087,1.26764464930949,0.421831643174063,0.023412390177813,0.476700159108875,0.68005657586034,0.276797637929489,1.80518675055477,0.336128981227752,0.122972673784811,0.72891229365511,0.505164834308268,0.0834135933947791,0.856699806387228
1.40377449658764,0.948793491050258,0.989433751678648,0.953371322508572,1.01799381896705,1.46653987212851,1.38914690268668,1.57567992165149,1.63711295821751,0.429945508304547,1.61062017408777,0.871737357227127,0.727091975055103,0.683523800698322,1.51264910146953,0.211098500474676,1.4266586936959,2.27558375119826,0.436209222696075,0.557529356167172,0.554563767211869,1.30004491854659,0.930820726156607,0.397810781836296
1.02539566586209,1.1893442272666,0.958133369660508,1.23484920704976,0.459060479232588,1.09747385659935,1.06927559476093,0.40945914996347,1.12394629041995,0.486451995746115,0.80534771465881,0.0986689306092074,0.695016769478074,1.22281817035503,1.90159056387784,0.162722301268292,0.0619975802821781,0.0461915770420644,0.524965752201366,0.673740556582355,0.719072668995732,1.80030864921223,0.0306892353889691,0.854260946062429
0.910865857737443,0.628465260620758,1.0360303159951,0.902863137150272,0.763401385611551,1.04016168491113,0.970534465977255,0.561763604063175,0.846949066543277,0.591850556464107,0.388371780977829,1.3475930176378,0.339867634261185,2.25649784723452,0.100063850081146,0.183334573491581,0.839413924714822,0.505071859844502,0.266429610972625,0.943133452111278,3.09481929135429,0.412085384873399,1.79740113732186,0.966185965831148
0.967053619029505,0.787193982744988,0.963429025165575,0.659455909978682,1.42558540265059,0.737659383437176,1.53781818786479,0.922176903734728,0.810453251266475,1.38346618314858,1.79512075603976,1.44638531306723,0.648539637096469,1.16228247298874,0.767720943855397,0.146704243350691,1.69263572349455,2.08001237802556,0.321349681176162,2.01146977861437,1.14402363750618,0.320368695131883,2.44129610876784,1.14862261464337
1.13520010290041,0.947858792282873,1.20560782900145,1.14567289263351,1.09295088892955,1.70694530843926,0.440627639924113,0.882283967588857,0.594188228731728,1.7485236765582,0.431812946376834,0.412958362337328,0.501957632665601,0.243982801557273,1.41976152143921,0.307549593953682,0.805824824717117,0.418922837760938,1.91133488150758,0.774933064772581,0.379574237645821,0.255015245672239,1.77171388189115,1.21673414251593
0.728703937038291,0.934757215801884,0.919333451977934,1.0044290032486,1.04077099049324,1.07079474025316,0.58860331621994,0.839823938299794,0.71868931607812,0.270526079013806,0.826491022572744,1.73897874539798,0.960713450002873,3.24246856102856,0.797993640593937,2.83457597487872,1.05696312186278,0.399996402742174,0.922683257145987,0.815220168659405,0.31746475552778,0.0188571659384227,1.10255076377594,3.71222863181659
0.849351050146806,0.746319913523084,0.703198143815105,0.645374663835182,0.762168637849518,1.39624348885863,0.931181410737466,1.46668485628369,1.66116890391916,0.931896344661354,0.609170410070947,0.702947470409859,1.34281160155174,1.70147376836511,0.32883955788728,0.631859184267478,1.02838351387747,0.343146278947341,1.6000225362043,2.72716134644245,0.104634873923944,3.90186007637949,0.159218895996711,0.328844031889063
0.966385109421664,0.587403383774793,1.12946911464629,1.38746201272012,1.63975210631254,0.769471839760461,0.893640007888191,0.733450762627927,2.32676286579357,0.499626897073025,0.309485401991204,1.53150307407987,1.32248286396759,0.187459598209927,0.551312716671151,1.20063402892061,0.146874299780732,1.07998814781995,0.670044330884179,0.401144680539228,0.395996242101755,0.733920401566012,1.14514321231702,0.12286831765684
0.957000788877758,1.13810514187488,1.0077859517608,1.11225062581935,1.06868125838909,0.838938846227214,0.85359562180958,0.785110374803854,0.609322381257961,1.18485975847832,1.33005040526262,1.94287390181666,0.61312597838312,0.545175640717646,0.211371074467535,0.620212326878612,0.775264611636578,0.604466483511834,2.18214169383028,1.77674882473735,1.15645978195609,1.89574349319933,0.880620674683101,0.15165820217396
0.818821451687365,1.09873692017288,0.690474131036851,0.509849015596773,1.36262382570063,0.497622264480303,1.43751181500571,1.44349433080381,1.10835357308941,0.877243118585984,1.7305118743544,0.661181931867926,1.35860877739939,1.18680328441092,0.597601240033337,0.38859024263912,0.818362173966821,1.17654257215064,2.52693046313881,0.503469423583241,0.0949728946623672,0.298090469295862,1.40614835543979,0.802395473616737
0.696467242911691,1.21978396952061,1.33484352437462,0.645376320529158,0.791764793682172,0.700026587216075,0.752836865659875,1.45760886937138,1.76433812218376,0.852761546665251,0.987061228801833,1.0099018993295,1.8022337056922,0.156294908341468,1.13091971801293,0.598700816009615,0.735492439082979,0.80422059825775,2.06921405787714,0.281018314462126,0.213718029779687,0.918719717703504,0.0446415981821093,0.0746176072307531
1.09998063167493,0.838364615733294,1.10080213996632,0.841261128756712,0.856122955871799,0.784098887705168,0.801852251657656,1.43895788748074,0.712011148375461,0.937883812421229,1.40586562399687,0.654812426221536,0.305773662777991,1.36583127235261,1.65117098460413,1.14210649015468,0.918470869672646,1.16746519332504,0.608841367714844,2.87915256010132,2.60596422689223,3.14300388099203,0.601394993404767,0.342220233001611
1.07271547481939,0.994102195760674,0.566401897121204,1.17181156136258,0.53571762766714,0.509084193539277,1.41613259342221,0.659240441140713,1.56342631408675,0.384782065667437,2.08759782371438,0.598911863039836,0.807738163968338,1.62406713076043,0.328529297512324,0.926721369365736,0.842713995838439,0.577792448519463,0.9831514152105,0.865096054366028,0.492949763618736,1.30271756668543,2.42653440597429,0.10788831440311
1.1559869421337,1.34191251616376,0.690475629715623,0.78685374656665,0.727048988357983,1.70904528744901,1.42914632889639,0.872350715647298,1.31965744463213,1.24746254130537,0.800337140421487,0.424816065803379,0.946833682775149,0.868783205550741,1.48207869263527,0.182993387486009,0.157868500253582,0.78422211412092,1.10399530225351,1.6683985197862,1.57453949620444,0.264647703596877,0.0778498805423722,0.791199091335911
0.887112207613305,1.00457967074567,0.865237076462526,0.606046845304483,0.805345985554783,0.710007844350132,1.41194887287401,0.995912251347089,1.88732797207693,0.541179441056801,0.563802926383942,1.07645189222532,0.347808531236843,0.621350409250238,0.22582024290684,1.78265535590547,0.279064213895543,2.66892573893741,1.18073040269503,0.244822617964541,0.711019406831287,0.939672871975475,0.610476328581588,3.15852932390948
0.99930538378017,1.10100199825873,1.15183776964056,0.650567055125663,0.54668309755531,0.679267178740268,0.682121411260835,0.75410212349826,0.694150885367698,0.940866225376507,0.605682370245602,0.645874520166667,1.59475636055873,0.384482742400526,0.658219800349765,1.7595444165191,0.944275161509198,3.00030765718145,0.135267108402873,1.50386690503193,0.702979530602822,0.52197833844138,0.48279774237415,1.13878780375946
1.23844416194299,0.955872336880641,0.817143827592971,0.812675647495357,1.64161569901552,1.46663210406205,0.88428014576712,1.70853024280579,1.08392301927337,1.14249828065305,0.464765627716604,1.98653524427393,0.962059560531847,0.658563317251044,1.14808118666928,0.20584736066202,2.32599984118566,0.576407734563119,2.01572127980684,1.29107855824672,0.840696169949924,1.32574018558469,1.35312774404418,1.18053868599509
1.00672179861943,1.00693189430649,0.654782502802539,0.944727010199765,0.736375594525549,1.76196170665295,1.00037694069538,0.963834302483798,0.67445000186264,1.32224281249098,0.288365044823613,1.27495144026686,1.37005898887086,2.5033377855438,0.401201283625499,1.2611857332194,2.09495486584092,0.417381942787731,0.796019494895694,2.05097412775736,3.31498152642571,1.80156715722578,1.77072176619355,0.893148435751946
1.07428921113275,1.15732594468206,0.695169334875503,1.15636346090225,0.707622567080132,0.846549815353376,0.772450785384461,0.782890148886812,0.468227497360768,2.81532263632018,0.837822775172278,0.661915987125313,0.788087313840068,0.519340613457472,0.0882746551806776,0.703321701216675,1.31589125992782,2.31508332986294,0.560273173705758,0.073720388914845,2.63709354727122,0.358988146553389,0.918373119229329,1.23729022539639
0.972112269149477,0.794134084148609,0.840007703043684,1.02749999077591,1.42566790330154,1.09600585820679,1.65971548924865,0.95807861433112,0.598368291238394,1.139174026819,1.5751326857336,0.253370637150097,0.55832196289558,0.493098825092121,0.285950552738023,1.76082941878355,0.15201736539087,1.4252005549902,1.02477370048483,1.09382537955389,1.96246916865203,1.21108286735656,4.5952133912805,0.220269904765197
1.00838471269385,0.781009285711086,0.955897891380736,0.648010806435325,1.68853766681191,0.428549508794498,0.970303652249478,0.890007328068217,0.521613918452885,1.97831835729176,1.76649330268381,0.154552615006635,0.520773616139245,0.574116612227001,0.993734382947136,0.320997009970297,1.09286494496802,2.46248836035109,0.38065718505576,1.85266071687648,0.160856303713041,1.30330014950134,1.42141353926539,0.62741630335993
1.11322670085633,1.05733449590377,1.13862308609631,1.19614197033779,0.863153096079701,0.416356592103656,0.799748974010909,0.89073857899066,1.026963420546,0.81364897898437,0.373897696814005,1.00649999127868,0.861717643222289,1.06609777523412,0.933472991296966,0.569447761945525,0.34947927335027,1.01696583025608,0.166753532779065,1.9624199607763,4.23653868105611,0.530220111600992,0.802510915591199,0.107918647925395
0.854501527687595,1.24776467612001,1.02776124793999,1.3545401035625,1.0916163722779,0.758013032310641,0.964902906639873,0.313027700443102,1.6971077174143,0.829498565891174,2.41085580153907,1.46492893516912,0.42327404089278,0.635873592609987,0.697350274531506,0.238136005007018,1.1874481563014,0.439987900038079,0.824938053700224,0.27355681516469,1.98828095952724,1.36142912298058,0.709408494952423,0.331999694915044
0.844753232014655,0.875538443120593,0.692858338498633,1.60059073749677,0.469219252467278,1.1791710277294,0.900914144340439,1.43925579034018,0.762829621992304,0.387418407040322,1.62630590379707,0.764294674275012,1.41076075484016,0.431987763534976,2.52106985980231,1.95209866757929,0.448619916988149,0.457490271087804,0.104102931139403,0.126869075695177,0.0923995550605006,1.28453579155298,0.236821594622129,3.1456179371567
1.04383803350288,1.01506317663255,1.17262004619055,1.57120372560075,0.457399269908122,0.732377798225318,0.901602709913053,0.220424012270075,0.254247660107249,1.13647868686059,2.18938414959111,0.70391867221301,1.46108591468226,0.0682175880559476,2.11774763713403,0.133702691923462,0.626765158547076,0.778372186857895,3.98739236363688,0.687660265625741,0.925996679821107,4.13261585335449,0.626981194453762,0.585264827945169
1.17500889156529,0.594971839372629,1.30707000516007,0.579310160464593,0.781113648606164,0.849821505129273,0.345303699491577,0.959090135627728,2.40987561166621,0.687623859002808,0.719425662710907,0.16363655615457,0.547921123694379,1.36558225525831,0.322613797672289,0.843090359467538,0.957077248751125,0.118482715785229,0.911399249819239,0.394344567832756,1.34388443921537,0.581628636425692,2.99314638016402,4.18527171687341
0.914247878646368,0.677922760246946,1.51339787141295,1.28541109621668,1.16706114294872,0.343165889157934,1.41222362902255,1.21365773284374,0.508537128490284,0.169705195305578,0.477661443810531,0.267385312802707,0.938834801228218,0.992142902472972,0.754514951057049,1.69354346911845,0.289868528299178,0.443776424737424,0.0557431736407966,1.11705097386042,0.712823094254024,1.8216814325192,0.00640148214721265,0.19527908332493
1.01412730363057,1.19719016585066,1.48889791808644,0.643498473475977,0.757247027606821,1.12407553584453,0.25194317670484,1.53777372594067,1.311659763716,0.504854812146911,1.4012583814099,1.7020103283166,1.73130501759713,0.565589160532241,1.07190496813369,1.1357131074959,2.38792618262699,0.719576318848183,0.669235245573248,1.14666544998561,3.56200171275143,1.30357178038782,1.13986452452537,0.141491151221302
0.702445484633105,0.901790784025414,0.630379980762992,0.776510457344943,0.866173883609249,1.90943463002929,0.965852155791005,0.373501590045098,1.19267801278205,1.02095491683263,0.430315053800081,0.440844397298035,0.324668623530547,0.20019776314626,1.04217030310612,0.770494268925398,1.26303929041166,0.858677436382915,1.27419631558188,2.20276449557903,1.24519435095473,0.986484627561664,1.7039440222806,0.331058607514509
0.766928056861015,1.01100620151042,1.24856611754797,0.713972048779576,0.385838533064341,0.495290228691679,1.2034514044449,0.79387661082828,1.03028068413709,1.23886787250689,1.56813022154263,0.310921905953379,0.634397004869594,0.645657881060658,0.655010645299391,0.388597640802896,0.830008140437046,1.96447915163815,1.25271068474522,2.9982804359081,2.01914145986359,3.21402310156156,2.78921573398098,1.32431737702724
1.14056744946665,1.31384098656568,0.68877663679534,0.785191808254238,1.11711594482548,1.05266057312043,1.50296566052387,1.03145718656017,0.511792766206898,1.42045289534158,1.07131072090243,1.85131605565155,1.38836254415149,1.80658907191777,1.17421888920183,0.981276723144694,1.65096768274194,0.191730594050769,1.06331481550419,0.66404544901625,0.104093584511184,0.903032053318361,1.41244202508943,1.00862483197318
0.933270270361615,1.0211508157754,0.807965071849392,0.610628010892895,1.81893954520603,0.782218689004637,0.40526351340859,0.712517868735642,0.512896069718306,0.949975924539356,1.20035904922304,2.35123179850342,0.978388552886423,1.24956590941613,0.0941181827060128,1.67870555349071,0.484766526210648,0.90188238130459,0.965652403757333,0.543450912992442,0.191128242149022,0.307396047412307,0.584139781593044,0.00321793418981771
1.01126325978446,1.07489292581574,0.752204778490981,0.430781141960967,0.533484338128644,0.798438114158919,0.810153936290559,0.541907525639755,0.731388845570381,0.916013382570476,0.848964748237296,0.296540274297189,0.439412975866671,0.654184579646436,0.442080045143646,0.426520122313418,0.725505846298243,0.95183902739558,0.0635700397693835,2.33262581161471,0.666635425621427,0.277577653657053,0.495391456794495,0.930986090573663
1.21961859811639,1.19671106955356,0.815669801277913,1.10355931817861,1.05216469027812,0.705772123192567,1.03364984673707,0.974506891362248,1.15805925414362,0.613942541988225,0.320842203399819,1.30837306732608,1.03413313297603,0.602005941211761,1.19426422581157,0.469162652096211,0.754157964885627,0.663446746063903,1.67662091812768,1.40982639491249,0.585970637641938,0.486819924377552,1.331321004474,0.508703356523694
1.01842070708015,1.09952340917506,0.658952230928035,0.696241834634265,0.803601145523891,1.02383216511874,0.732927700032119,1.45562401569956,0.950405391874636,0.824262351918983,0.569676034500959,1.05802152188248,2.06427881570232,0.425085882555174,1.40209014958919,0.958331422378322,0.756056445374039,2.72560024249392,0.581906320391925,0.158936563124357,1.26743285309679,0.825075302278278,1.22675076034068,1.5249904187032
1.05611090069621,0.902178634556811,0.492382669062102,0.678961195689482,0.818644112721859,0.394287547851849,0.569452613733389,0.523893281066457,1.48509118345878,0.531757419826509,0.69832024754971,1.74850212668092,1.24032785427869,1.82133171332522,1.18654858076301,0.436003925310204,0.2573514113639,1.40938558390741,1.41735077114371,2.87962737776981,0.681134396335028,0.436604396127761,0.0828891066505304,0.291979154375431
1.1402398937062,1.050949317358,1.09333509210894,0.3282939429501,0.732418757182142,0.980464117706474,0.980314219915712,1.26464048823446,0.788743922505801,0.139157732807575,0.319455376941093,0.199941710878481,1.88960223915121,0.267944049949735,1.82538147302371,0.89856502399615,2.06862172450409,2.0361875452877,0.821806508071043,0.607208087728229,0.102671055053402,0.978605644089289,0.30888374155413,0.0917955989615421
1.07326198407881,1.12409619954604,0.736309352908097,0.952819008190277,1.02587316040962,0.699871867329738,1.42731658048224,0.644829148824304,1.41526867524023,2.55802411212106,0.71684325383121,0.839935946211888,1.60063564708711,1.03537559667091,0.963080773835242,1.13150511983813,0.980764520677067,0.450036494104287,0.788769461259247,1.20422072033595,0.471979245821563,0.701073105441605,0.0198611665644395,0.696627821351822
0.933550461372896,0.851460452375757,0.720777672071844,0.539164209027541,0.435935958105612,1.44509542041348,0.552045426717946,1.07581583886141,0.929566930490435,0.936310246564931,0.101991667522195,1.00723125725115,0.944400185224856,0.771520287378239,0.518208597838688,0.335239477250193,0.925870167065675,0.0373737730382089,1.97212177110327,0.316636737355535,1.08783088173799,1.68313185040176,0.364311620878513,0.768291578006583
1.03936520101499,0.747480973710368,0.393993181658507,1.12864708274443,0.986238035183192,2.83951048815563,1.25076223908655,1.26565405171847,1.47203499549533,0.629751189823274,0.661006146386529,1.56843615082291,0.25881273177552,1.09308842648967,1.17927287492726,1.08933628278707,0.47352029615069,0.616422665579461,1.20734822318424,2.23635228940869,0.329342792698574,1.07775623403177,0.161031671445996,0.156498463894274
1.09029948855024,0.841884447711654,0.962948024535064,0.959247250856385,0.72690434695046,1.37167496866352,0.668343395727277,0.366097830334521,0.488545560592937,1.22405597614921,1.04576548392528,0.772741429454482,0.122603374781645,0.718517611441001,1.73413331416693,0.793089225944229,3.17579285679977,1.35118982824069,0.69266494784668,0.361734220529301,0.966926416869111,1.41308817038136,1.83064980723762,0.287477407434442
0.896699178053605,0.589562042021967,0.593511133198695,0.593323082117004,1.40639598586536,0.436310046569052,1.07510195600854,1.10166307514184,0.83741864289648,0.831405800156042,1.42263232530979,0.786360990913572,1.72486599810811,0.876990368337938,3.32364210020146,0.965855914852136,1.79926410664174,0.113238875988349,3.63885575532172,0.925501141348629,0.0502266703282768,0.124971548786252,3.40047206137717,1.79387616958754
0.819693420031569,0.820631658601909,1.11487503215143,1.03264335455642,2.63162513111389,0.602419446078601,1.2517019828367,0.97418671330409,0.50656225099295,1.35914168972766,0.975192928004816,0.817412128228259,1.53415604911007,0.137777308099876,0.852418369125941,0.649340501505667,0.146724569120136,0.956201577439861,3.20916406945055,0.394185800788622,0.19174563635503,0.454176713244874,2.99873045889251,0.247793494391108
0.889691933468083,0.80556261090047,0.968544680004903,0.964839502684798,1.3405789617924,1.87521294658745,0.397957061702199,0.418397214278694,1.08557566532068,0.819871118679243,1.11211400548087,0.815564926617232,0.480572970653481,0.898181466330024,0.524590396804743,0.466734798613627,1.29581595304801,0.42079497684265,0.161027755322639,0.13784135379375,0.0715915839287481,0.23229371842703,1.00757962045238,0.225929669258079
0.698174074871085,0.789744157926946,0.643184022622963,0.890608919777372,0.476728877624173,1.09704282616125,1.09922078429358,0.705915620133736,0.793206494678248,0.762391442769008,0.38368388388263,0.269545174032735,0.258462598839361,1.46903745362113,0.196174615090067,0.670014885985227,1.18764987811876,1.4966772343453,0.92804896858005,2.25988495526092,0.682221668401579,0.0816756718568524,0.48346962592725,0.817290441177476
0.874081501887675,0.926771690474588,1.03220891580697,0.796220532880247,0.635347645803831,1.04560043033169,0.980013974991641,0.527565757438956,0.511116795983435,0.472899728318243,0.225577051981826,2.60645834159231,0.356374835742107,0.112157597935422,1.4087111248764,0.81009740299136,0.223294015202426,0.17621322709495,0.957311732934973,0.566109358353688,1.96789322016701,0.649605618612909,1.19626080178184,2.03005720769448
0.862962753572264,0.871493737863708,0.973410685670686,1.04937956135685,1.78872518974693,0.786399386662984,0.449388923651983,1.61189879481259,1.94308356438975,0.39580205942999,1.26884009162761,0.102720536098774,0.885408167226799,0.346629966255685,0.157195459387223,2.83661002310483,0.536259436537785,0.804295380629997,0.817613006540912,1.42583722288105,0.0320511660541017,0.852464746170721,0.265475549063306,0.832006636081998
0.851244709795491,1.11043252569045,0.908600812994765,1.83466614354468,1.09255906187439,0.788191853907322,0.726642341486045,1.65918002872512,0.829093002652275,0.495548670696492,1.1685384569461,0.32749680374847,0.310082221056411,0.184271905005266,0.313580584624845,2.69359871217302,0.329589532525694,2.96218325864423,0.808939584801993,1.88520651282613,1.17108283987879,0.615393648887587,0.699387185808382,1.06970295895237
0.951268101231181,0.923118997808257,0.825445888166579,1.19402207649681,1.04572981291529,0.886365792109359,0.555596758165498,1.22526977372289,0.461855471251568,1.03605765242034,0.575836864421892,1.16392372207675,0.38906498350374,0.221396376623469,0.359102110404401,0.173300587128615,0.0435008544907714,0.794581781169192,0.532779535761957,1.78048772827743,0.657512392714957,0.206236978684708,2.14389594787671,0.370500114714934
0.911306908681701,0.58744110673101,1.04666763388087,0.954903924098881,0.807480501518108,0.983688904353887,1.57108883697726,0.470818528227991,0.840882549350001,0.799763191970265,1.03994187852768,1.76778793654076,0.256439783696604,0.65556690576778,1.03213140700102,1.09735806277116,1.79318702950074,0.595813971380375,0.752073603081644,1.55164784345344,0.399630302368014,1.24498089496629,0.490897326093822,1.42086852586269
1.08083471356287,1.06802162165415,1.70734268289364,0.927557145628674,0.809143362318325,1.72000262687632,1.61447805140567,1.02529637287028,1.39763533947138,0.908179625138943,1.50714863320442,2.36576086666922,1.36266307642231,0.343125115829235,0.186606023882374,1.02344427518701,4.18587790770191,1.68207509708591,1.01848622969694,1.96328289232604,2.57859261187048,1.10915113805593,1.39931424232071,0.440900904537052
0.948642600052748,1.14571567862588,1.17081076362331,1.10532969841929,0.899866843041954,0.830642680476064,1.21423433248186,0.592026237777272,1.66832049385372,1.38652737103959,0.430709314422794,2.32589766636051,0.614209826189343,1.55920468035251,0.1889783066206,2.29752355037935,1.3764120384991,0.969977695769266,0.432618081563064,1.30502919277853,0.181565790884171,0.422526776123575,0.195492215904472,0.880173683152682
0.696497082051705,1.23078726779751,0.964763605966319,1.2766794842401,0.989188804939398,0.445963501882119,0.500562316199822,1.88985595438404,0.354434965843258,0.49409730645543,1.36010392960316,0.726264029912726,1.01064400278096,0.581351351286358,1.65582088562376,2.81343708196015,2.45845443877149,0.287045029837108,1.82695372103119,1.91786833470366,0.043872274100199,1.7401516275617,0.195351880991758,1.50912530928184
1.05131269991428,1.12272385035586,0.940920119668709,1.68330595455919,1.65133773306423,0.540552005165346,1.0278865458923,0.979930924004056,1.70510277047901,1.00619174514822,1.96489088822005,1.28821419021378,0.116943653700647,0.761025068799298,0.332843595118742,0.503935024677111,0.0884540990162089,0.431869914220504,0.183068871681092,1.36876496367475,1.65010624624452,2.13612282373429,1.08365422286897,0.576232614371788
1.10523050309911,0.759935045222044,1.09485651584586,0.759104480505754,0.848455324880502,2.00409747572252,0.617721720507452,0.59039111175802,1.64434952695088,2.06106314065827,0.485226205416345,1.03528231575345,1.806808084429,0.917016434256808,1.77341088343897,0.154055349851476,0.458269170663184,1.28673511620275,0.470410844974682,0.557943625796676,0.421709023543077,0.258122640064503,0.336227193617549,0.290963812199501
